0 66.000000 278.593994
 1 0.497166 278.593994
 2 0.490287 278.153992
 3 0.530434 277.015991
 4 0.506321 223.570007
 5 0.540243 217.891006
 6 0.599059 200.518997
 7 0.615096 192.169998
 8 0.600641 189.914993
 9 0.601805 186.281998
 10 0.580621 170.628998
 11 0.564042 167.343002
 12 0.591532 153.651001
 13 0.598553 153.651001
 14 0.613319 151.126007
 15 0.696164 81.427002
 16 0.675088 81.157997
 17 0.668696 81.157997
 18 0.685004 81.157997
 19 0.633487 81.157997
 20 0.663444 81.157997
 21 0.640469 81.147003
 22 0.712914 81.147003
 23 0.703486 81.147003
 24 0.706079 81.147003
 25 0.663344 77.890999
 26 0.656651 77.890999
 27 0.726758 76.315002
 28 0.688360 70.458000
 29 0.669120 70.458000
 30 0.729626 70.458000
 31 0.689251 67.792999
 32 0.725767 65.026001
 33 0.728588 63.264000
 34 0.675385 34.918999
 35 0.792679 15.818000
 36 0.813248 12.235000
 37 0.813267 7.744000
 38 0.798374 2.819000
 39 0.799830 2.819000
 40 0.786181 2.225000
 41 0.718272 1.818000
 42 0.770020 1.818000
 43 0.776856 1.122000
 44 0.791349 1.122000
 45 0.786707 1.122000
 46 0.788943 1.122000
 47 0.782487 1.122000
 48 0.775400 1242.454956
 49 0.769323 1240.052002
 50 0.997645 1238.306030
 51 1.107090 1169.963013
 52 1.222211 1136.046997
 53 1.107471 1082.088989
 54 1.247528 1082.088989
 55 1.116648 1064.293945
 56 1.184851 1061.087036
 57 1.113104 1058.521973
 58 0.988089 1055.166992
 59 1.143545 1031.265991
 60 1.169808 972.887024
 61 1.223857 970.247009
 62 1.081864 970.247009
 63 1.140189 970.247009
 64 1.157825 970.247009
 65 1.056290 970.247009
 66 1.147868 970.232971
 67 1.137384 970.216003
 68 1.106498 970.216003
 69 1.163164 970.216003
 70 1.136729 969.789978
 71 1.182296 968.950989
 72 1.143567 968.758972
 73 1.092684 968.059998
 74 1.148101 966.155029
 75 1.129220 954.577026
 76 1.127852 954.323975
 77 1.219300 951.518982
 78 1.202591 951.518982
 79 1.134577 950.375000
 80 1.196621 949.203979
 81 1.204384 942.392029
 82 1.305582 942.056030
 83 1.382668 900.924988
 84 1.608332 858.114990
 85 1.294046 848.372009
 86 1.333727 839.401978
 87 1.323032 833.997986
 88 1.343895 831.291992
 89 1.318389 831.291992
 90 1.327947 831.289001
 91 1.348473 831.286011
 92 1.365687 831.281006
 93 1.353051 831.281006
 94 1.318894 831.281006
 95 1.393594 830.505005
 96 1.376527 829.674988
 97 1.463886 825.770020
 98 2.426579 823.763000
 99 1.198054 819.247009
 100 1.197338 814.806030
 101 1.144893 813.963989
 102 1.170568 806.729004
 103 1.198795 806.729004
 104 1.227990 806.729004
 105 1.216979 806.101990
 106 1.081352 789.494995
 107 1.128206 787.603027
 108 1.289991 708.064026
 109 1.267357 701.015991
 110 1.225777 695.922974
 111 1.231326 695.922974
 112 1.245713 695.922974
 113 1.158564 695.922974
 114 1.086544 695.922974
 115 1.089033 695.922974
 116 1.058360 695.922974
 117 1.037222 695.922974
 118 1.073316 695.922974
 119 1.063190 694.572998
 120 1.097071 693.143005
 121 1.089476 688.745972
 122 1.131647 687.728027
 123 1.147911 685.948975
 124 1.183814 630.973999
 125 1.220290 608.523010
 126 1.171433 602.335022
 127 1.232126 585.302002
 128 1.296362 576.315002
 129 1.271006 572.942993
 130 1.274021 562.195984
 131 1.308831 551.872986
 132 1.261766 547.945984
 133 1.235248 544.250000
 134 1.238138 533.137024
 135 0.938956 531.822021
 136 0.796896 530.940002
 137 0.718249 530.940002
 138 0.718777 530.940002
 139 0.748692 530.940002
 140 0.719179 530.940002
 141 0.733967 530.940002
 142 0.733078 530.940002
 143 0.647682 528.601990
 144 0.730715 526.726990
 145 0.697511 526.299988
 146 0.727845 506.522003
 147 0.713036 502.920013
 148 0.760840 500.865997
 149 0.791345 497.337006
 150 0.727846 495.912994
 151 0.745905 490.446014
 152 0.791325 470.712006
 153 0.788793 466.132996
 154 0.871932 448.536011
 155 0.830520 430.881012
 156 0.767297 423.945007
 157 0.835711 364.622009
 158 0.913577 357.101013
 159 0.880013 355.325012
 160 0.825774 355.325012
 161 0.798414 355.325012
 162 0.820038 355.325012
 163 0.826599 355.325012
 164 0.853980 355.325012
 165 0.843876 355.325012
 166 0.914481 352.888000
 167 0.894820 352.888000
 168 0.878450 349.089996
 169 0.919291 349.089996
 170 0.871975 348.856995
 171 0.844084 346.903992
 172 0.885875 335.290985
 173 0.863598 327.299011
 174 0.799636 327.062988
 175 0.781092 323.337006
 176 0.835710 321.332001
 177 0.829422 320.704987
 178 0.790311 320.704987
 179 0.841556 320.704987
 180 0.840773 320.704987
 181 0.565618 319.684998
 182 0.529122 318.520996
 183 0.603485 263.994995
 184 0.542245 259.795013
 185 0.563785 259.795013
 186 0.557773 259.795013
 187 0.498093 259.795013
 188 0.584755 259.791992
 189 0.592094 259.791992
 190 0.562010 259.791992
 191 0.625360 256.446014
 192 0.574520 255.419998
 193 0.552266 254.488007
 194 0.629875 253.319000
 195 0.659178 183.636993
 196 0.692825 159.994995
 197 0.733730 136.623001
 198 0.660718 131.681000
 199 0.737866 125.250999
 200 0.727846 119.629997
 201 0.697488 116.742996
 202 0.774741 109.040001
 203 0.832502 15.859000
 204 0.877352 11.866000
 205 0.838872 9.089000
 206 0.840602 4.163000
 207 0.840201 4.163000
 208 0.862457 4.163000
 209 0.874018 4.163000
 210 0.889188 4.158000
 211 0.864252 4.158000
 212 0.834363 4.158000
 213 0.798603 4.158000
 214 0.868810 4.158000
 215 0.876173 2.321000
 216 0.857798 0.000000
 217 0.962501 192.337997
 218 0.948045 192.139999
 219 0.979246 189.746994
 220 0.946843 187.421005
 221 0.949017 187.421005
 222 0.943977 186.468994
 223 1.001821 186.468994
 224 0.944419 185.970993
 225 0.955116 184.651001
 226 1.046144 121.764000
 227 1.021546 119.749001
 228 1.110026 58.049999
 229 1.087241 56.599998
 230 1.093169 52.362999
 231 1.081187 52.362999
 232 1.105719 52.362999
 233 1.047771 51.755001
 234 1.082579 51.755001
 235 1.126080 51.117001
 236 1.077072 51.117001
 237 1.124307 51.117001
 238 1.069688 51.117001
 239 1.058780 51.113998
 240 1.166305 48.008999
 241 1.190114 46.222000
 242 1.162542 43.659000
 243 1.169229 39.258999
 244 1.241652 36.825001
 245 1.094929 11.990000
 246 1.139339 9.471000
 247 1.103052 7.290000
 248 1.116217 3.473000
 249 1.172142 0.000000
 250 1.119569 3272.318115
 251 1.177332 3235.129883
 252 1.269499 3171.700928
 253 1.252094 3169.809082
 254 1.277282 3164.754883
 255 1.280002 3164.754883
 256 1.213550 3164.754883
 257 1.269771 3164.754883
 258 1.239710 3164.754883
 259 1.205512 3164.754883
 260 1.269475 3164.754883
 261 1.218786 3164.754883
 262 1.241021 3164.754883
 263 1.237922 3164.754883
 264 1.265451 3163.141113
 265 1.330723 3163.074951
 266 1.236824 3161.216064
 267 1.271719 3159.160889
 268 1.217816 3156.818115
 269 1.310999 3141.955078
 270 1.293742 3141.091064
 271 1.333697 3139.249023
 272 1.329987 3137.040039
 273 1.326250 3135.280029
 274 1.270092 3133.846924
 275 1.272580 3128.007080
 276 1.327747 3069.076904
 277 1.334454 3064.937988
 278 1.004557 3052.728027
 279 0.590233 3032.762939
 280 0.588504 3032.762939
 281 0.614767 3032.762939
 282 0.597931 3032.762939
 283 0.607974 3032.762939
 284 0.604304 3032.762939
 285 0.539243 3032.762939
 286 0.651199 3032.762939
 287 0.551225 3032.762939
 288 0.614922 3032.762939
 289 0.562765 3030.628906
 290 0.611074 3028.593994
 291 0.599136 3026.779053
 292 0.519665 3026.779053
 293 0.593145 3026.048096
 294 0.647579 3021.235107
 295 0.644790 3012.476074
 296 0.666098 3005.332031
 297 0.675125 2994.373047
 298 0.737801 2894.264893
 299 0.738012 2883.760010
 300 0.774275 2881.455078
 301 0.807522 2878.941895
 302 0.852625 2866.989990
 303 0.930132 2808.165039
 304 0.937263 2808.165039
 305 0.871462 2808.165039
 306 0.908172 2808.165039
 307 0.902686 2808.165039
 308 0.877560 2808.165039
 309 0.892224 2807.804932
 310 0.894166 2806.668945
 311 0.896040 2806.144043
 312 0.885470 2805.569092
 313 0.895681 2803.944092
 314 0.766172 2801.388916
 315 0.810220 2800.500977
 316 0.863325 2795.000977
 317 0.846721 2790.702881
 318 0.548215 2777.995117
 319 0.131464 2777.323975
 320 0.149397 2777.323975
 321 0.124204 2777.323975
 322 0.108127 2768.956055
 323 0.104777 2768.149902
 324 0.140279 2765.477051
 325 0.127346 2765.477051
 326 0.131861 2765.477051
 327 0.067327 2765.477051
 328 0.126172 2765.074951
 329 0.104149 2765.063965
 330 0.081027 2765.063965
 331 0.120622 2765.063965
 332 0.130580 2765.063965
 333 0.143807 2765.063965
 334 0.100327 2765.063965
 335 0.130916 2765.063965
 336 0.109547 2763.702881
 337 0.114396 2758.697998
 338 0.120157 2758.110107
 339 0.121335 2756.583008
 340 0.149687 2756.583008
 341 0.101507 2754.287109
 342 0.132202 2740.201904
 343 0.189941 2739.498047
 344 0.207473 2736.019043
 345 0.169584 2720.052002
 346 0.231964 2713.116943
 347 0.212745 2711.714111
 348 0.226521 2711.714111
 349 0.210044 2695.002930
 350 0.259198 2637.654053
 351 0.299448 2633.011963
 352 0.300146 2633.011963
 353 0.227932 2632.032959
 354 0.244556 2632.032959
 355 0.233080 2632.032959
 356 0.230252 2632.032959
 357 0.297969 2632.032959
 358 0.253308 2632.032959
 359 0.239133 2632.032959
 360 0.253057 2630.220947
 361 0.300965 2626.591064
 362 0.293416 2624.572998
 363 0.332524 2619.605957
 364 0.332567 2575.507080
 365 0.396573 2492.739990
 366 0.488658 2491.250000
 367 0.514625 2491.250000
 368 0.609600 2491.112061
 369 0.857728 2454.025879
 370 0.485830 2447.874023
 371 0.476039 2441.897949
 372 0.469101 2438.934082
 373 0.462961 2438.044922
 374 0.423343 2435.709961
 375 0.524611 2383.982910
 376 0.499357 2383.982910
 377 0.503492 2383.053955
 378 0.529734 2383.053955
 379 0.545599 2383.053955
 380 0.482778 2383.053955
 381 0.529820 2383.053955
 382 0.537817 2383.053955
 383 0.534312 2383.053955
 384 0.518892 2381.920898
 385 0.557961 2378.458008
 386 0.528152 2377.260010
 387 0.544944 2376.610107
 388 0.580259 2368.629883
 389 0.579516 2367.378906
 390 0.578931 2365.132080
 391 0.600443 2345.961914
 392 0.601570 2343.521973
 393 0.602791 2340.554932
 394 0.647615 2337.475098
 395 0.673458 2280.489990
 396 0.645190 2275.881104
 397 0.679218 2272.589111
 398 0.650912 2266.965088
 399 0.667871 2266.495117
 400 0.666013 2266.495117
 401 0.670212 2266.495117
 402 0.654494 2266.495117
 403 0.661122 2266.489990
 404 0.660446 2266.489990
 405 0.629183 2266.489990
 406 0.680846 2266.489990
 407 0.640776 2266.487061
 408 0.695551 2262.930908
 409 0.693068 2260.852051
 410 0.637686 2260.845947
 411 0.695147 2257.345947
 412 0.652892 2257.345947
 413 0.705588 2246.367920
 414 0.698269 2240.520996
 415 0.708915 2233.895996
 416 0.738982 2231.385986
 417 0.722420 2229.919922
 418 0.735983 2224.656006
 419 0.734272 2214.113037
 420 0.737669 2187.853027
 421 0.830141 2124.368896
 422 0.834168 2120.770020
 423 0.895015 2117.349121
 424 0.841087 2117.131104
 425 0.845666 2117.131104
 426 0.825539 2117.131104
 427 0.806025 2117.131104
 428 0.852034 2117.131104
 429 0.817336 2117.131104
 430 0.863515 2117.131104
 431 0.851762 2111.832031
 432 0.859250 2103.741943
 433 0.872837 2103.741943
 434 0.875476 2101.060059
 435 0.902182 2094.718994
 436 0.825308 2093.126953
 437 0.871635 2090.809082
 438 0.912770 2041.250977
 439 0.943508 2033.102051
 440 0.888780 2018.359985
 441 0.988504 2014.333984
 442 0.965932 2012.817993
 443 0.953466 1957.188965
 444 1.010214 1952.500000
 445 1.079226 1949.170044
 446 1.060350 1948.151978
 447 1.002645 1946.873047
 448 1.033914 1946.870972
 449 1.042371 1946.870972
 450 0.998429 1946.870972
 451 1.039332 1946.870972
 452 0.976547 1946.870972
 453 1.004016 1946.870972
 454 1.041757 1946.870972
 455 1.010488 1946.362061
 456 1.007095 1944.532959
 457 1.035280 1943.452026
 458 1.034938 1939.624023
 459 1.029135 1927.532959
 460 1.058437 1904.465942
 461 1.096452 1875.060059
 462 1.199526 1810.439941
 463 1.238976 1770.573975
 464 1.277118 1755.405029
 465 1.332937 1729.530029
 466 1.273868 1711.390991
 467 1.311058 1639.000000
 468 1.255638 1636.503052
 469 1.274264 1636.250000
 470 1.258402 1635.562012
 471 1.115183 1635.562012
 472 1.063348 1635.562012
 473 1.037759 1635.562012
 474 1.063602 1635.562012
 475 1.048877 1635.562012
 476 1.078204 1635.562012
 477 1.056744 1635.560059
 478 1.111027 1635.560059
 479 1.058502 1632.162964
 480 1.084237 1629.338989
 481 1.098202 1629.338989
 482 1.110418 1629.338989
 483 1.081010 1628.352051
 484 1.100438 1623.223022
 485 1.048942 1617.291016
 486 1.143307 1594.857056
 487 1.143645 1576.194946
 488 1.197815 1575.119995
 489 1.157503 1572.436035
 490 1.194792 1571.108032
 491 1.178811 1571.108032
 492 1.138853 1567.764038
 493 1.203283 1567.293945
 494 1.163733 1565.671021
 495 1.295415 1512.788940
 496 1.257059 1512.788940
 497 1.281765 1512.788940
 498 1.249072 1512.788940
 499 1.241158 1512.788940
 500 1.223014 1512.788940
 501 1.230563 1512.788940
 502 1.262148 1512.788940
 503 1.259613 1512.788940
 504 1.308109 1509.114990
 505 1.258866 1508.697021
 506 1.308485 1507.637939
 507 1.261356 1507.381958
 508 1.292598 1507.381958
 509 1.248507 1506.868042
 510 1.238572 1506.868042
 511 1.301754 1506.755005
 512 1.298782 1487.218994
 513 1.289753 1483.225952
 514 1.294498 1481.425049
 515 1.252014 1421.922974
 516 1.265150 1420.482056
 517 1.255638 1419.464966
 518 1.106785 1417.849976
 519 1.011027 1416.957031
 520 1.031536 1416.957031
 521 1.004575 1416.957031
 522 1.000669 1416.957031
 523 1.046236 1416.957031
 524 0.933584 1416.957031
 525 0.945735 1416.957031
 526 0.989170 1416.957031
 527 1.035350 1415.328979
 528 1.016511 1413.494019
 529 1.031050 1408.302002
 530 1.019232 1406.375000
 531 1.022754 1406.375000
 532 1.018029 1405.708984
 533 1.080979 1382.802002
 534 1.083637 1382.802002
 535 1.048870 1382.359009
 536 1.060787 1382.359009
 537 1.075431 1380.701050
 538 1.082222 1380.701050
 539 1.083509 1380.228027
 540 1.037308 1380.206055
 541 1.093297 1378.864014
 542 1.093951 1375.673950
 543 1.142007 1320.538940
 544 1.157999 1319.378052
 545 1.129390 1319.378052
 546 1.142028 1319.378052
 547 1.114244 1319.378052
 548 1.072122 1319.378052
 549 1.148339 1319.378052
 550 1.111084 1319.378052
 551 1.117350 1317.932007
 552 1.150681 1317.928955
 553 1.124017 1316.425049
 554 1.184984 1315.767944
 555 1.083618 1313.572998
 556 1.139373 1313.572998
 557 1.134690 1312.248047
 558 1.103026 1309.714966
 559 1.171862 1302.281982
 560 1.240256 1284.271973
 561 1.150469 1277.302979
 562 1.232576 1277.108032
 563 1.296329 1236.249023
 564 1.272066 1223.390015
 565 1.095620 1220.927979
 566 0.955247 1215.678955
 567 0.900313 1215.678955
 568 0.923202 1215.678955
 569 0.933771 1215.678955
 570 0.901578 1215.678955
 571 0.907105 1215.678955
 572 0.926915 1215.678955
 573 0.939194 1215.678955
 574 0.905714 1215.678955
 575 0.925796 1215.678955
 576 0.916241 1213.910034
 577 0.870397 1212.892944
 578 0.864580 1212.666992
 579 0.918265 1211.157959
 580 0.931768 1210.970947
 581 0.912824 1210.970947
 582 0.967208 1168.974976
 583 1.053115 1149.240967
 584 0.958812 1146.750000
 585 1.002121 1139.318970
 586 1.075876 1123.808960
 587 1.060114 1123.140991
 588 1.063911 1120.655029
 589 1.133632 1064.302002
 590 1.078361 1061.577026
 591 1.049143 1061.474976
 592 1.059839 1061.474976
 593 1.072370 1061.474976
 594 1.077750 1061.474976
 595 1.031253 1061.474976
 596 1.077454 1061.474976
 597 1.055810 1061.474976
 598 1.033575 1060.128052
 599 1.052056 1059.480957
 600 1.046025 1055.249023
 601 1.075829 1055.249023
 602 1.015769 1041.958008
 603 1.067897 1036.879028
 604 1.113613 1035.918945
 605 1.155298 980.627991
 606 1.298540 913.645996
 607 1.302695 857.958984
 608 1.291199 854.645020
 609 1.257909 851.078003
 610 1.204683 834.101990
 611 1.260988 773.580994
 612 1.252087 767.419983
 613 1.257068 764.997986
 614 1.222704 763.567993
 615 1.208210 763.567993
 616 1.179417 763.567993
 617 1.183760 763.567993
 618 1.206650 763.567993
 619 1.169966 763.567993
 620 1.158910 763.567993
 621 1.172330 763.567993
 622 1.129458 762.956970
 623 1.185358 762.044006
 624 1.151649 760.031006
 625 1.215998 759.690002
 626 1.222388 758.939026
 627 1.241611 755.804016
 628 1.305235 737.643005
 629 1.304033 734.609985
 630 1.225366 732.745972
 631 1.223064 729.781006
 632 1.216715 721.130005
 633 1.184376 707.864014
 634 1.256608 679.758972
 635 1.165620 646.065979
 636 1.243952 572.575012
 637 1.273461 569.364990
 638 1.257851 567.413025
 639 1.270234 567.413025
 640 1.232388 567.413025
 641 1.213934 567.413025
 642 1.248932 567.413025
 643 1.218322 567.413025
 644 1.195053 567.413025
 645 1.219457 567.413025
 646 1.202160 567.413025
 647 1.181482 567.156982
 648 1.214712 566.213989
 649 1.188321 565.539978
 650 1.201421 564.762024
 651 1.203845 563.760986
 652 1.245802 563.760986
 653 1.212641 561.737000
 654 1.217983 560.986023
 655 1.249882 549.164001
 656 1.278171 544.580017
 657 1.211592 539.802979
 658 1.103182 470.871002
 659 1.153151 458.446991
 660 1.080622 457.011993
 661 1.170490 440.917999
 662 1.087922 440.917999
 663 1.071002 440.917999
 664 1.036088 440.917999
 665 1.039633 440.915985
 666 1.022778 440.915985
 667 1.030223 440.915985
 668 0.999360 440.915985
 669 1.003348 440.915985
 670 1.039443 440.915985
 671 1.030964 440.549988
 672 1.062754 436.559998
 673 1.013874 435.028015
 674 1.051235 433.894989
 675 1.051763 433.894989
 676 1.022230 431.037994
 677 1.063600 417.856995
 678 1.068661 412.505005
 679 1.099100 395.045990
 680 1.139478 366.348999
 681 1.212724 331.536987
 682 1.199348 331.536987
 683 1.205549 329.502014
 684 1.219727 327.098999
 685 1.256601 325.041992
 686 1.322337 268.092010
 687 1.262847 265.532013
 688 1.245045 264.828003
 689 1.205591 264.828003
 690 1.048533 264.828003
 691 1.022774 264.828003
 692 1.021994 264.828003
 693 1.046570 264.828003
 694 1.038575 264.828003
 695 1.016572 264.652008
 696 1.009567 264.652008
 697 1.058431 261.579987
 698 0.992085 261.104004
 699 1.051281 260.878998
 700 1.043369 259.457001
 701 1.092627 207.063995
 702 1.117414 181.427994
 703 1.207685 96.316002
 704 1.275149 75.674004
 705 1.318712 75.085999
 706 1.290083 75.085999
 707 1.289009 75.085999
 708 1.261538 74.617996
 709 1.067076 66.577003
 710 1.062586 3.586000
 711 1.085961 4121.854004
 712 1.075479 4121.509766
 713 1.055839 4121.509766
 714 1.091215 4108.574219
 715 1.088412 4099.915039
 716 1.107524 4098.591797
 717 1.114337 4079.159912
 718 1.086910 4078.326904
 719 1.243063 3985.139893
 720 1.224730 3982.154053
 721 1.276773 3976.225098
 722 1.277303 3976.225098
 723 1.231270 3976.221924
 724 1.221101 3976.221924
 725 1.132288 3976.221924
 726 1.136612 3975.832031
 727 1.115811 3975.832031
 728 1.004489 3975.832031
 729 1.128596 3975.832031
 730 1.102753 3975.832031
 731 1.045904 3973.177979
 732 1.173157 3971.618896
 733 1.123322 3971.412109
 734 1.030521 3970.123047
 735 1.112014 3969.353027
 736 1.059232 3948.370117
 737 1.121086 3942.790039
 738 1.164965 3918.094971
 739 1.189543 3917.724121
 740 1.241965 3882.197021
 741 1.264686 3862.291992
 742 1.295950 3832.657959
 743 1.244476 3808.527100
 744 1.108051 3806.510986
 745 1.098749 3803.830078
 746 1.076491 3801.937988
 747 1.069804 3801.937988
 748 1.039217 3801.937988
 749 1.089530 3801.937988
 750 1.055502 3801.937988
 751 1.089067 3801.937988
 752 1.067507 3801.937988
 753 1.147692 3801.937988
 754 1.069636 3801.937988
 755 1.076345 3796.466064
 756 1.113200 3793.383057
 757 1.115919 3776.256104
 758 1.126511 3775.104004
 759 1.112503 3773.465088
 760 1.105286 3771.237061
 761 1.100118 3770.247070
 762 1.147776 3767.437012
 763 1.155941 3763.394043
 764 1.152458 3741.979980
 765 1.193342 3735.487061
 766 1.144335 3733.122070
 767 1.193296 3714.945068
 768 1.239389 3699.424072
 769 1.259095 3688.896973
 770 1.271856 3687.743896
 771 1.330355 3687.743896
 772 1.252997 3687.743896
 773 1.270423 3687.743896
 774 1.127434 3687.743896
 775 1.130197 3687.743896
 776 1.129776 3687.743896
 777 1.091318 3687.743896
 778 1.080221 3687.743896
 779 1.111085 3687.741943
 780 1.089272 3685.125977
 781 1.091676 3685.125977
 782 1.119797 3684.642090
 783 1.111720 3676.123047
 784 1.080454 3675.350098
 785 1.153362 3619.498047
 786 1.129717 3618.493896
 787 1.229563 3591.449951
 788 1.201001 3578.929932
 789 1.278737 3561.593994
 790 1.269305 3558.797119
 791 1.276375 3558.797119
 792 1.255658 3558.797119
 793 1.255572 3515.757080
 794 1.264957 3512.405029
 795 1.151967 3509.935059
 796 1.078321 3509.187012
 797 1.073258 3509.184082
 798 1.108679 3509.184082
 799 1.026743 3509.184082
 800 1.099481 3509.184082
 801 1.064124 3509.184082
 802 1.138192 3508.788086
 803 1.100345 3508.784912
 804 1.077267 3508.493896
 805 1.066680 3507.170898
 806 1.119753 3506.068115
 807 1.127770 3504.450928
 808 1.141314 3504.450928
 809 1.075517 3498.785889
 810 1.130683 3491.572998
 811 1.120134 3487.400879
 812 1.138572 3473.386963
 813 1.120787 3456.606934
 814 1.160280 3452.772949
 815 1.270210 3361.024902
 816 1.247615 3358.308105
 817 1.269641 3358.308105
 818 1.267192 3358.308105
 819 1.229726 3358.308105
 820 1.221414 3356.592041
 821 1.207597 3356.592041
 822 1.208525 3356.592041
 823 1.215127 3356.592041
 824 1.217133 3356.592041
 825 1.220845 3356.592041
 826 1.201499 3355.916016
 827 1.194644 3355.569092
 828 1.198482 3355.071045
 829 1.208398 3350.052002
 830 1.220549 3348.579102
 831 1.254325 3347.333008
 832 1.250339 3344.280029
 833 1.261772 3343.997070
 834 1.232764 3343.997070
 835 1.204075 3343.815918
 836 1.211457 3342.178955
 837 1.072498 3330.104004
 838 0.927590 3308.308105
 839 0.777578 3287.850098
 840 0.852173 3275.539062
 841 0.816201 3273.593994
 842 0.892614 3217.397949
 843 0.944469 3213.592041
 844 0.865546 3213.425049
 845 0.861073 3213.425049
 846 0.874912 3213.425049
 847 0.893539 3213.425049
 848 0.814218 3213.425049
 849 0.908222 3213.425049
 850 0.861599 3213.425049
 851 0.874954 3213.425049
 852 0.909362 3210.416016
 853 0.921407 3210.413086
 854 0.915732 3207.794922
 855 0.968583 3127.072021
 856 0.990671 3124.228027
 857 0.980675 3116.794922
 858 0.959642 3116.794922
 859 1.047549 3116.790039
 860 0.984957 3114.207031
 861 1.012654 3112.729980
 862 1.009704 3110.315918
 863 1.019301 3108.133057
 864 0.996493 3105.696045
 865 0.995754 3105.696045
 866 0.938753 3104.156006
 867 1.064336 3040.694092
 868 1.068071 3033.177979
 869 1.120135 3033.177979
 870 1.104651 3033.177979
 871 1.089779 3033.177979
 872 1.073852 3033.177979
 873 1.026872 3033.177979
 874 1.053367 3033.177979
 875 1.047126 3030.822021
 876 1.100497 3030.822021
 877 1.076404 3027.395020
 878 1.103221 3026.981934
 879 1.109635 3020.072021
 880 1.070355 3018.540039
 881 1.066282 3016.721924
 882 1.097965 3006.341064
 883 1.204100 2937.400879
 884 1.191738 2928.299072
 885 1.136001 2907.293945
 886 0.875929 2895.356934
 887 0.907319 2885.446045
 888 0.910209 2881.025879
 889 0.870528 2874.648926
 890 0.925947 2874.648926
 891 0.932676 2874.645996
 892 0.920294 2874.645996
 893 0.929154 2874.645996
 894 0.920147 2874.645996
 895 0.918585 2874.645996
 896 0.990776 2874.645996
 897 0.895738 2874.645996
 898 0.840112 2874.645996
 899 0.900887 2874.644043
 900 0.942991 2872.055908
 901 0.856287 2870.527100
 902 0.896369 2869.017090
 903 0.907613 2868.495117
 904 0.932064 2866.165039
 905 0.965375 2866.165039
 906 0.914492 2854.983887
 907 0.950989 2851.549072
 908 0.909723 2842.425049
 909 1.037902 2776.677979
 910 1.055939 2769.626953
 911 1.052352 2751.927979
 912 1.100366 2738.823975
 913 1.089609 2737.570068
 914 1.099901 2733.602051
 915 1.075177 2728.950928
 916 1.082646 2728.950928
 917 1.116757 2728.950928
 918 1.048852 2728.950928
 919 1.037690 2728.950928
 920 1.080093 2728.950928
 921 1.071823 2728.950928
 922 1.046382 2728.950928
 923 1.097497 2728.950928
 924 1.046618 2727.829102
 925 1.146967 2716.254883
 926 1.114521 2715.958008
 927 1.178021 2691.351074
 928 1.248020 2602.002930
 929 1.310255 2577.965088
 930 1.352109 2571.524902
 931 1.109084 2566.102051
 932 0.460889 2559.086914
 933 0.299399 2554.788086
 934 0.260516 2546.552002
 935 0.296865 2535.363037
 936 0.314902 2525.431885
 937 0.364730 2510.108887
 938 0.364519 2507.366943
 939 0.411646 2457.155029
 940 0.337600 2455.774902
 941 0.302707 2455.774902
 942 0.399116 2455.774902
 943 0.359498 2455.774902
 944 0.364708 2455.774902
 945 0.360342 2455.774902
 946 0.349458 2455.774902
 947 0.402977 2452.519043
 948 0.368190 2450.868896
 949 0.411288 2450.297119
 950 0.364877 2448.256104
 951 0.407408 2448.256104
 952 0.368002 2448.256104
 953 0.398146 2447.714111
 954 0.405171 2443.479004
 955 0.396901 2442.730957
 956 0.413232 2442.730957
 957 0.453103 2437.550049
 958 0.477721 2390.539062
 959 0.502112 2353.273926
 960 0.542673 2349.596924
 961 0.502865 2349.596924
 962 0.491831 2349.596924
 963 0.488900 2349.596924
 964 0.497634 2344.520996
 965 0.502718 2340.552002
 966 0.564490 2340.552002
 967 0.503039 2340.552002
 968 0.533688 2340.552002
 969 0.491452 2340.552002
 970 0.485967 2340.552002
 971 0.515313 2339.716064
 972 0.521072 2338.398926
 973 0.544446 2338.017090
 974 0.520544 2336.183105
 975 0.504853 2335.772949
 976 0.492868 2333.958008
 977 0.530568 2325.993896
 978 0.537259 2322.066895
 979 0.539684 2319.481934
 980 0.556577 2317.716064
 981 0.573666 2315.593994
 982 0.564973 2308.716064
 983 0.596489 2302.083008
 984 0.559403 2293.393066
 985 0.605119 2285.112061
 986 0.581869 2285.112061
 987 0.567273 2285.112061
 988 0.536936 2285.112061
 989 0.559023 2284.930908
 990 0.587251 2284.930908
 991 0.594042 2284.930908
 992 0.568958 2284.930908
 993 0.598788 2284.930908
 994 0.649376 2284.930908
 995 0.595962 2284.930908
 996 0.555606 2284.249023
 997 0.629026 2283.346924
 998 0.620161 2280.104980
 999 0.629655 2278.488037
 1000 0.632756 2268.978027
 1001 0.706254 2212.017090
 1002 0.692942 2170.267090
 1003 0.714841 2130.208008
 1004 0.759268 2116.103027
 1005 0.797302 2109.093018
 1006 0.728129 2094.364014
 1007 0.836288 2075.094971
 1008 0.809095 2061.366943
 1009 0.857532 2058.903076
 1010 0.843670 2058.675049
 1011 0.860251 2030.142944
 1012 0.871056 2004.163940
 1013 0.899282 2004.163940
 1014 0.928523 2004.163940
 1015 0.881859 2004.163940
 1016 0.925906 2004.163940
 1017 0.886139 2004.163940
 1018 0.886076 2004.163940
 1019 0.848482 2003.389038
 1020 0.891792 2002.895996
 1021 0.882572 1994.055054
 1022 0.894429 1991.852051
 1023 0.868185 1990.834961
 1024 0.894619 1989.954956
 1025 0.909746 1988.791992
 1026 0.990943 1924.729980
 1027 1.092753 1819.366943
 1028 1.107733 1800.692017
 1029 1.148277 1774.916016
 1030 1.154268 1774.678955
 1031 1.191924 1774.678955
 1032 1.199813 1773.147949
 1033 1.154500 1769.531006
 1034 1.178571 1765.357056
 1035 1.195616 1710.980957
 1036 0.882215 1710.980957
 1037 0.768211 1710.980957
 1038 0.770172 1710.980957
 1039 0.745215 1710.980957
 1040 0.737010 1710.975952
 1041 0.721777 1710.975952
 1042 0.730427 1710.975952
 1043 0.733401 1710.422974
 1044 0.725976 1710.422974
 1045 0.772260 1701.751953
 1046 0.778652 1701.505005
 1047 0.804559 1695.202026
 1048 0.789770 1693.468994
 1049 0.739308 1670.156982
 1050 0.814242 1667.234009
 1051 0.839643 1626.536987
 1052 0.862153 1609.811035
 1053 0.832533 1585.126953
 1054 0.967931 1534.415039
 1055 1.050057 1451.537964
 1056 1.008579 1447.545044
 1057 1.055578 1444.831055
 1058 1.070514 1438.026978
 1059 0.998686 1435.734009
 1060 1.006894 1435.734009
 1061 1.026473 1435.734009
 1062 1.011555 1435.734009
 1063 1.023726 1435.734009
 1064 1.081846 1435.734009
 1065 1.014783 1435.734009
 1066 1.034549 1435.734009
 1067 0.947253 1433.671021
 1068 1.082690 1429.760986
 1069 1.049526 1429.760986
 1070 1.046429 1421.161011
 1071 1.113277 1418.442017
 1072 1.040961 1414.365967
 1073 1.130367 1404.762939
 1074 0.281846 1393.609009
 1075 0.370892 1392.439941
 1076 0.374879 1335.344971
 1077 0.273617 1332.411011
 1078 0.303279 1328.005005
 1079 0.292463 1325.812988
 1080 0.296661 1321.506958
 1081 0.354906 1315.120972
 1082 0.328679 1314.442017
 1083 0.354651 1314.442017
 1084 0.265838 1314.442017
 1085 0.276933 1314.442017
 1086 0.304991 1314.442017
 1087 0.343111 1314.442017
 1088 0.301868 1314.442017
 1089 0.267292 1314.442017
 1090 0.295604 1314.442017
 1091 0.383758 1307.495972
 1092 0.332221 1303.788940
 1093 0.368443 1303.409058
 1094 0.341673 1301.447998
 1095 0.343170 1301.050049
 1096 0.336208 1301.050049
 1097 0.340533 1299.319946
 1098 0.340660 1295.764038
 1099 0.407052 1293.261963
 1100 0.326319 1292.659058
 1101 0.296298 1292.659058
 1102 0.335684 1287.411987
 1103 0.398736 1231.785034
 1104 0.429598 1209.677979
 1105 0.484364 1209.677979
 1106 0.428248 1209.677979
 1107 0.379221 1208.756958
 1108 0.422810 1208.756958
 1109 0.430996 1208.756958
 1110 0.389918 1208.756958
 1111 0.437299 1208.756958
 1112 0.380889 1208.756958
 1113 0.426458 1208.756958
 1114 0.417829 1208.756958
 1115 0.449580 1207.869019
 1116 0.435612 1206.659058
 1117 0.426140 1206.659058
 1118 0.413840 1205.093994
 1119 0.444366 1191.369019
 1120 0.466816 1183.250977
 1121 0.471584 1181.703003
 1122 0.471920 1178.295044
 1123 0.507467 1159.776978
 1124 0.483797 1158.526001
 1125 0.473482 1158.338989
 1126 0.572378 1099.175049
 1127 0.565016 1098.745972
 1128 0.563662 1097.088013
 1129 0.583535 1084.484009
 1130 0.607500 1076.655029
 1131 0.635113 1073.637939
 1132 0.583600 1073.637939
 1133 0.594676 1073.637939
 1134 0.513125 1073.637939
 1135 0.550145 1073.637939
 1136 0.647376 1073.637939
 1137 0.610882 1073.637939
 1138 0.583075 1073.637939
 1139 0.579700 1073.637939
 1140 0.596893 1072.409058
 1141 0.603561 1069.071045
 1142 0.631047 1067.228027
 1143 0.667922 970.125977
 1144 0.712964 920.372986
 1145 0.752499 902.612976
 1146 0.834097 849.463989
 1147 0.803845 848.388977
 1148 0.802558 843.812988
 1149 0.824159 831.197998
 1150 0.870048 807.788025
 1151 0.900068 770.294006
 1152 0.905448 770.294006
 1153 0.913229 752.088989
 1154 0.908252 749.666016
 1155 0.925634 749.265015
 1156 0.928566 749.265015
 1157 0.929663 749.265015
 1158 0.921436 749.265015
 1159 0.910572 749.265015
 1160 0.915382 749.265015
 1161 0.856821 749.265015
 1162 0.877535 749.265015
 1163 0.931982 749.265015
 1164 0.923079 748.950989
 1165 0.968919 740.068970
 1166 0.942633 732.619019
 1167 0.924258 724.742981
 1168 0.994445 724.531006
 1169 0.963773 715.781006
 1170 1.001387 701.661987
 1171 0.961749 700.198975
 1172 1.011174 691.921997
 1173 1.060773 676.294006
 1174 1.060897 656.796021
 1175 1.152437 603.880981
 1176 1.083643 595.627991
 1177 1.119106 595.627991
 1178 1.159103 595.627991
 1179 1.174796 593.372986
 1180 1.124590 593.372986
 1181 1.084234 593.372986
 1182 1.070459 593.372986
 1183 1.113665 593.372986
 1184 1.119276 593.372986
 1185 1.132519 593.372986
 1186 1.156463 593.372986
 1187 1.139313 591.419983
 1188 1.155644 589.995972
 1189 1.070226 588.422974
 1190 1.135050 582.796021
 1191 1.082039 573.044983
 1192 1.173825 567.211975
 1193 1.160365 557.466003
 1194 1.229391 550.310974
 1195 1.243546 542.648987
 1196 1.198526 541.161011
 1197 1.263923 529.328003
 1198 1.220191 495.915985
 1199 1.239937 443.579987
 1200 1.258756 437.309998
 1201 1.207175 436.320007
 1202 1.196276 432.296997
 1203 1.207668 430.231995
 1204 1.212076 429.675995
 1205 1.214164 429.675995
 1206 1.167945 429.675995
 1207 1.183256 429.675995
 1208 1.204118 429.675995
 1209 1.164669 429.675995
 1210 1.179121 429.675995
 1211 1.124820 429.675995
 1212 1.236479 428.238007
 1213 1.210342 426.217010
 1214 1.209350 425.369995
 1215 1.203381 425.369995
 1216 1.203952 425.287994
 1217 1.185935 425.287994
 1218 1.230176 425.287994
 1219 1.216799 422.975006
 1220 1.250024 417.839996
 1221 1.268822 412.450989
 1222 1.230724 410.979004
 1223 1.280000 401.161987
 1224 1.075009 318.127991
 1225 0.861245 317.489990
 1226 1.035140 261.302002
 1227 0.982589 259.912994
 1228 0.983730 259.912994
 1229 0.962760 259.912994
 1230 0.970649 259.912994
 1231 1.017714 259.912994
 1232 1.005310 259.912994
 1233 0.996239 259.912994
 1234 1.000922 259.912994
 1235 1.012440 259.912994
 1236 1.007378 259.912994
 1237 1.016956 257.691010
 1238 1.080770 195.494995
 1239 1.089419 161.740997
 1240 1.085202 158.873001
 1241 1.136085 147.584000
 1242 1.120011 142.158005
 1243 1.133329 121.367996
 1244 1.188681 107.440002
 1245 1.216147 90.109001
 1246 1.201333 90.095001
 1247 1.251036 88.913002
 1248 1.244729 85.481003
 1249 1.280022 83.934998
 1250 1.241418 83.934998
 1251 1.275274 83.934998
 1252 1.235530 83.934998
 1253 1.247239 83.934998
 1254 1.159542 83.934998
 1255 1.245886 83.934998
 1256 1.201418 80.237000
 1257 1.171085 80.237000
 1258 1.187138 80.237000
 1259 1.281522 80.237000
 1260 1.248316 78.496002
 1261 1.215342 75.033997
 1262 1.229456 72.396004
 1263 1.205873 65.917000
 1264 1.139737 64.877998
 1265 1.164670 64.877998
 1266 1.197095 64.877998
 1267 1.216102 60.692001
 1268 1.153660 59.076000
 1269 1.190346 51.799000
 1270 1.229478 27.910000
 1271 1.263860 26.070000
 1272 1.276897 24.559999
 1273 1.295061 23.910999
 1274 1.313119 18.743999
 1275 1.236162 18.743999
 1276 1.244072 13.623000
 1277 1.136946 13.623000
 1278 1.100028 13.623000
 1279 1.134246 13.623000
 1280 1.114226 13.623000
 1281 1.137683 13.623000
 1282 1.107137 13.623000
 1283 1.120639 13.139000
 1284 1.109984 13.139000
 1285 1.119119 12.040000
 1286 1.088487 6.768000
 1287 1.165256 6.501000
 1288 1.179854 6.501000
 1289 1.146821 6.501000
 1290 1.165490 3.124000
 1291 1.151565 2.181000
 1292 1.191003 2289.488037
 1293 1.208032 2111.864990
 1294 1.301887 1994.135010
 1295 1.240415 1994.135010
 1296 1.333871 1993.645020
 1297 1.274394 1985.416992
 1298 1.236464 1978.137939
 1299 1.227479 1978.137939
 1300 1.138626 1978.137939
 1301 1.266297 1978.137939
 1302 1.196404 1978.137939
 1303 1.169398 1978.137939
 1304 1.193787 1978.137939
 1305 1.157037 1977.692993
 1306 1.213406 1976.121948
 1307 1.216253 1974.656982
 1308 1.213637 1971.496948
 1309 1.297410 1969.318970
 1310 1.201233 1968.864990
 1311 1.228827 1967.545044
 1312 1.231632 1962.949951
 1313 1.246230 1962.949951
 1314 1.211464 1962.477051
 1315 1.215703 1958.192017
 1316 1.221125 1949.937012
 1317 1.269926 1942.162964
 1318 1.184063 1939.725952
 1319 1.220116 1934.463013
 1320 1.227692 1932.465942
 1321 1.250789 1932.465942
 1322 1.061853 1926.416016
 1323 1.079047 1926.416016
 1324 1.064449 1926.416016
 1325 1.136155 1926.416016
 1326 1.057529 1926.416016
 1327 1.106344 1926.416016
 1328 1.028816 1926.416016
 1329 1.071111 1926.416016
 1330 1.074996 1926.108032
 1331 1.073227 1925.480957
 1332 1.135584 1923.866943
 1333 1.074317 1922.067993
 1334 1.064634 1921.927979
 1335 1.064740 1921.125000
 1336 1.195387 1869.211060
 1337 1.225238 1861.147949
 1338 1.184313 1858.942017
 1339 1.190598 1858.105957
 1340 1.237557 1844.042969
 1341 1.245364 1838.185059
 1342 1.256186 1825.901001
 1343 1.288778 1812.604980
 1344 1.185155 1811.229980
 1345 1.308946 1744.173950
 1346 1.320759 1740.985962
 1347 1.301077 1739.225952
 1348 1.241859 1739.225952
 1349 1.071532 1739.225952
 1350 1.126549 1739.225952
 1351 1.151886 1739.225952
 1352 1.064106 1739.225952
 1353 1.149375 1739.225952
 1354 1.088203 1739.225952
 1355 1.092862 1738.637939
 1356 1.095186 1738.637939
 1357 1.131488 1734.845947
 1358 1.209456 1671.279053
 1359 1.238252 1635.787964
 1360 1.267534 1635.787964
 1361 1.236480 1635.560059
 1362 1.239562 1633.444946
 1363 1.244433 1625.151001
 1364 1.232472 1608.895996
 1365 1.287363 1603.113037
 1366 1.341115 1581.505981
 1367 1.298755 1581.307983
 1368 1.163781 1581.307983
 1369 1.205573 1579.435059
 1370 1.250589 1579.435059
 1371 1.240970 1535.509033
 1372 1.186057 1533.604004
 1373 1.232153 1533.604004
 1374 1.209854 1533.604004
 1375 1.221375 1533.604004
 1376 1.213503 1533.604004
 1377 1.201563 1533.604004
 1378 1.178926 1533.604004
 1379 1.211646 1532.784058
 1380 1.219915 1530.751953
 1381 1.279576 1529.206055
 1382 1.216139 1527.650024
 1383 1.210381 1527.072021
 1384 1.196774 1527.072021
 1385 1.266728 1524.776001
 1386 1.246836 1518.329956
 1387 1.260738 1518.129028
 1388 1.284514 1514.215942
 1389 1.261602 1503.562012
 1390 1.351241 1502.149048
 1391 1.326977 1502.145996
 1392 1.261559 1451.499023
 1393 1.300187 1444.489990
 1394 1.306139 1440.083984
 1395 1.265889 1440.083984
 1396 1.279830 1440.083984
 1397 1.254223 1440.083984
 1398 1.247911 1440.083984
 1399 1.161548 1440.083984
 1400 1.220046 1440.006958
 1401 1.192433 1440.006958
 1402 1.205936 1439.353027
 1403 1.210931 1439.353027
 1404 1.200154 1436.943970
 1405 1.219008 1432.269043
 1406 1.238608 1432.269043
 1407 1.228484 1426.529053
 1408 1.229010 1424.437012
 1409 1.235549 1424.203003
 1410 1.225379 1424.203003
 1411 1.238038 1424.203003
 1412 1.245843 1422.135010
 1413 1.338560 1349.297974
 1414 1.264240 1349.286987
 1415 1.305570 1318.201050
 1416 1.264890 1280.301025
 1417 1.151247 1275.177979
 1418 1.124897 1272.875977
 1419 1.163146 1272.875977
 1420 1.125660 1272.875977
 1421 1.161731 1272.875977
 1422 1.126459 1272.875977
 1423 1.186287 1272.875977
 1424 1.087938 1272.875977
 1425 1.099288 1272.875977
 1426 1.154895 1272.875977
 1427 1.182889 1265.860962
 1428 1.176815 1262.946045
 1429 1.154220 1262.946045
 1430 1.147723 1260.475952
 1431 1.159054 1259.659058
 1432 1.172976 1257.404053
 1433 1.202363 1248.525024
 1434 1.228330 1236.427002
 1435 1.271555 1207.744995
 1436 1.243328 1202.480957
 1437 1.295288 1199.697998
 1438 1.271344 1199.697998
 1439 1.287165 1199.697998
 1440 1.314231 1197.907959
 1441 1.334335 1197.459961
 1442 1.366929 1193.890015
 1443 1.376591 1193.887939
 1444 1.310054 1193.885010
 1445 1.311721 1193.885010
 1446 1.185841 1193.885010
 1447 1.181473 1193.885010
 1448 1.193817 1193.885010
 1449 1.204554 1193.885010
 1450 1.139831 1193.885010
 1451 1.179702 1191.725952
 1452 1.193141 1191.406982
 1453 1.259741 1187.290039
 1454 1.208941 1185.109985
 1455 1.253307 1182.449951
 1456 1.196707 1137.920044
 1457 1.225819 1102.053955
 1458 1.254362 1102.053955
 1459 1.232236 1101.416016
 1460 1.241812 1097.771973
 1461 1.212173 1097.771973
 1462 1.213226 1017.637024
 1463 1.163671 1015.476013
 1464 1.057052 1013.083008
 1465 0.773882 1003.945007
 1466 0.627264 1003.945007
 1467 0.648085 1003.945007
 1468 0.606672 1003.945007
 1469 0.601061 1003.945007
 1470 0.642472 1003.945007
 1471 0.629350 1003.945007
 1472 0.604224 1003.945007
 1473 1.242125 132.755997
 1474 1.236472 129.044006
 1475 1.243369 127.416000
 1476 1.239782 127.416000
 1477 1.211326 126.412003
 1478 1.247377 126.412003
 1479 1.213772 120.834999
 1480 1.267061 115.987000
 1481 1.302037 109.960999
 1482 1.226450 109.960999
 1483 1.237526 108.982002
 1484 1.253515 80.443001
 1485 1.043400 77.190002
 1486 0.970746 35.318001
 1487 0.996251 35.318001
 1488 0.956801 35.318001
 1489 0.974079 35.318001
 1490 0.989499 35.318001
 1491 0.950135 35.318001
 1492 0.959584 35.318001
 1493 0.961061 35.318001
 1494 1.017936 33.634998
 1495 1.002012 31.806000
 1496 1.008084 31.639000
 1497 0.959332 25.052000
 1498 0.956673 21.708000
 1499 0.997663 17.063999
 1500 1.030657 16.254999
 1501 0.981672 16.254999
 1502 1.002515 12.584000
 1503 1.005932 4.474000
 1504 1.058144 3.839000
 1505 0.000000 12.419000
 1506 0.849103 0.005000
 1507 0.836277 66.536003
 1508 0.898741 65.950996
 1509 0.857119 65.244003
 1510 0.846444 63.250000
 1511 0.861106 61.175999
 1512 0.853173 50.146000
 1513 0.857840 44.756001
 1514 0.878641 7.749000
 1515 0.891553 5.670000
 1516 0.893555 5.670000
 1517 0.879970 5.668000
 1518 0.881468 5.668000
 1519 0.850266 2.849000
 1520 0.876720 1.595000
 