0 29.000000 5.987000
 1 0.459114 5.987000
 2 0.452089 5.973000
 3 0.468776 5.888000
 4 0.458819 5.888000
 5 0.476203 1.477000
 6 0.491856 1.378000
 7 0.486013 1.378000
 8 0.527930 1.364000
 9 0.480506 0.946000
 10 0.493523 0.946000
 11 0.474557 0.946000
 12 0.479620 0.198000
 13 0.481350 0.137000
 14 0.505125 0.099000
 15 0.480273 0.099000
 16 0.500758 0.096000
 17 0.461794 0.096000
 18 0.466498 0.060000
 19 0.476667 0.060000
 20 0.477510 0.060000
 21 0.474093 0.060000
 22 0.474283 0.060000
 23 0.489345 0.000000
 24 0.495653 0.000000
 25 1.036089 0.014000
 26 1.050434 0.000000
 27 1.042058 142.860001
 28 1.102393 74.775002
 29 1.164816 44.388000
 30 1.156314 44.303001
 31 1.154311 44.303001
 32 1.138404 44.303001
 33 1.152412 44.303001
 34 1.170281 24.400999
 35 1.166462 24.400999
 36 1.204076 24.326000
 37 1.214666 24.320999
 38 1.185997 24.320999
 39 1.207831 24.320999
 40 1.189414 24.266001
 41 1.212092 24.266001
 42 1.195109 24.252001
 43 1.183781 24.252001
 44 1.219476 24.065001
 45 1.173149 24.065001
 46 1.219876 23.941000
 47 1.207219 23.922001
 48 1.209709 11.836000
 49 1.249179 0.000000
 50 1.271941 337.334015
 51 1.244178 337.292999
 52 1.262153 337.233002
 53 1.268165 337.125000
 54 1.232787 337.080994
 55 1.267786 333.472992
 56 1.245213 333.093994
 57 1.238062 332.582001
 58 1.240446 332.582001
 59 1.259094 332.579010
 60 1.265823 332.557007
 61 1.259052 332.554993
 62 1.255318 332.554993
 63 1.256520 332.505005
 64 1.252280 332.411987
 65 1.265085 332.062012
 66 1.237892 331.929993
 67 1.262806 314.528015
 68 1.260127 314.526001
 69 1.281667 314.454010
 70 1.238736 314.454010
 71 1.262216 314.454010
 72 1.262764 314.454010
 73 1.282637 314.454010
 74 1.276772 314.454010
 75 1.269346 314.454010
 76 1.271477 314.454010
 77 1.275527 314.454010
 78 1.252238 314.313995
 79 1.277785 314.308014
 80 1.286793 314.306000
 81 1.271858 314.306000
 82 1.284768 314.306000
 83 1.270782 314.231995
 84 1.228189 295.415985
 85 1.224412 281.487000
 86 1.247006 214.794006
 87 1.229264 149.192993
 88 1.256098 83.514999
 89 1.247512 83.514999
 90 1.213252 83.514999
 91 1.049357 83.514999
 92 1.041003 83.464996
 93 1.063935 83.464996
 94 1.060538 83.464996
 95 1.068070 83.464996
 96 1.069230 83.413002
 97 1.050096 83.413002
 98 1.024759 83.413002
 99 1.053745 83.413002
 100 1.068976 83.333000
 101 1.072183 83.333000
 102 1.049463 83.330002
 103 1.098322 83.330002
 104 1.104102 83.328003
 105 1.057079 79.950996
 106 1.069737 79.950996
 107 1.057164 78.753998
 108 1.035730 78.753998
 109 1.018663 78.753998
 110 1.010689 78.753998
 111 1.023325 78.753998
 112 1.015710 78.554001
 113 1.034633 45.862000
 114 1.037417 42.668999
 115 1.040750 42.668999
 116 1.051108 42.584000
 117 1.045919 42.584000
 118 1.026005 42.584000
 119 1.011575 42.584000
 120 1.067015 42.584000
 121 1.037037 42.500999
 122 1.044843 42.500999
 123 1.044970 42.500999
 124 1.049547 42.500999
 125 1.050792 42.463001
 126 1.049421 42.412998
 127 1.057881 42.390999
 128 0.987399 42.390999
 129 0.986281 42.390999
 130 0.980459 42.390999
 131 1.013411 42.390999
 132 1.014086 42.380001
 133 0.979235 42.335999
 134 0.955713 42.335999
 135 1.003537 42.335999
 136 1.035181 42.335999
 137 0.975458 42.174000
 138 0.991069 22.605000
 139 1.019717 22.605000
 140 1.001069 22.605000
 141 1.013410 22.497999
 142 0.990542 22.497999
 143 0.987652 22.497999
 144 1.015309 22.497999
 145 0.979319 22.497999
 146 0.996575 22.497999
 147 1.034949 22.497999
 148 1.001490 22.497999
 149 1.019253 22.429001
 150 0.980795 22.423000
 151 0.995394 22.423000
 152 1.020014 22.423000
 153 1.002335 22.423000
 154 1.012778 22.368000
 155 0.985690 22.368000
 156 1.006575 22.368000
 157 1.011047 22.365999
 158 1.001596 22.365999
 159 0.998811 22.157000
 160 0.992103 22.157000
 161 1.007376 22.157000
 162 1.012672 0.137000
 163 1.046783 0.137000
 164 1.042734 0.137000
 165 1.024907 0.137000
 166 1.020076 0.115000
 167 1.036468 0.115000
 168 1.019676 0.071000
 169 1.035160 0.071000
 170 1.024464 0.071000
 171 1.051129 153.453003
 172 1.016384 153.322998
 173 1.045961 153.322998
 174 1.041890 153.216003
 175 1.047839 153.216003
 176 1.031131 153.149994
 177 1.025921 153.149994
 178 1.026849 153.139008
 179 1.016470 152.826004
 180 1.048177 152.817993
 181 1.034148 152.817993
 182 1.046003 151.841003
 183 1.052353 151.841003
 184 1.035160 151.841003
 185 1.056066 151.136993
 186 1.032924 134.541000
 187 1.042038 132.121002
 188 1.129417 65.373001
 189 1.204982 0.135000
 190 1.214940 0.135000
 191 1.209075 0.135000
 192 1.250508 0.135000
 193 1.251436 0.063000
 194 1.246626 0.063000
 195 1.198421 0.049000
 196 1.229622 0.000000
 197 1.222492 1674.942993
 198 1.217914 1674.939941
 199 1.236394 1674.939941
 200 1.242258 1674.901001
 201 1.219180 1674.816040
 202 1.237913 1674.816040
 203 1.254578 1661.718018
 204 1.260929 1661.718018
 205 1.259789 1661.676025
 206 1.276688 1661.676025
 207 1.273861 1661.676025
 208 1.290062 1661.676025
 209 1.278797 1661.676025
 210 1.255254 1661.676025
 211 1.258650 1661.676025
 212 1.265211 1661.676025
 213 1.250043 1661.404053
 214 1.249874 1661.354980
 215 1.259789 1661.354980
 216 1.245824 1661.354980
 217 1.302341 1661.354980
 218 1.251499 1661.354980
 219 1.216480 1661.354980
 220 1.213990 1596.619995
 221 1.204834 1596.619995
 222 1.147707 1596.616943
 223 0.994465 1596.616943
 224 0.907465 1596.545044
 225 0.760553 1596.545044
 226 0.733888 1596.545044
 227 0.713298 1583.546021
 228 0.739858 1583.546021
 229 0.763275 1583.546021
 230 0.734944 1583.546021
 231 0.772009 1583.483032
 232 0.737939 1583.483032
 233 0.756061 1583.483032
 234 0.744964 1583.483032
 235 0.728403 1583.483032
 236 0.731357 1583.483032
 237 0.690557 1583.483032
 238 0.699417 1583.472046
 239 0.732074 1583.397949
 240 0.774224 1583.397949
 241 0.734332 1583.397949
 242 0.768529 1583.397949
 243 0.735092 1583.397949
 244 0.759541 1570.008057
 245 0.767241 1570.008057
 246 0.749563 1570.008057
 247 0.778380 1570.008057
 248 0.770701 1568.626953
 249 0.752263 1568.626953
 250 0.764372 1568.626953
 251 0.754183 1568.626953
 252 0.764499 1568.421021
 253 0.768402 1568.421021
 254 0.764689 1568.421021
 255 0.734542 1568.421021
 256 0.739184 1568.376953
 257 0.778612 1568.369019
 258 0.753508 1568.369019
 259 0.761524 1568.369019
 260 0.771545 1568.365967
 261 0.753655 1568.192993
 262 0.793063 1568.192993
 263 0.745618 1568.192993
 264 0.757622 1568.192993
 265 0.782895 1568.192993
 266 0.760871 1568.192993
 267 0.761483 1568.192993
 268 0.789962 1568.192993
 269 0.752960 1567.672974
 270 0.775152 1567.672974
 271 0.771481 1567.672974
 272 0.752432 1567.672974
 273 0.765026 1567.140015
 274 0.770342 1567.140015
 275 0.763992 1552.729980
 276 0.793547 1552.729980
 277 0.762769 1552.720947
 278 0.812218 1552.720947
 279 0.791797 1552.720947
 280 0.757642 1552.641968
 281 0.780047 1552.641968
 282 0.791586 1552.641968
 283 0.787451 1552.641968
 284 0.772811 1552.567993
 285 0.893416 1481.571045
 286 0.913162 1447.286011
 287 1.017018 1323.588989
 288 1.042101 1323.586060
 289 1.065602 1323.586060
 290 1.060012 1323.586060
 291 1.005162 1323.586060
 292 1.042375 1323.520020
 293 1.063871 1323.514038
 294 1.022376 1323.514038
 295 1.026722 1323.514038
 296 1.047015 1323.296997
 297 1.020308 1323.259033
 298 1.027945 1323.259033
 299 1.095536 1311.413940
 300 1.054779 1301.493042
 301 1.050602 1301.493042
 302 1.065897 1301.493042
 303 1.060580 1301.451050
 304 1.043240 1301.451050
 305 1.053873 1301.451050
 306 1.075031 1301.451050
 307 1.070158 1301.451050
 308 1.053513 1301.447998
 309 1.061361 1301.401978
 310 1.031257 1301.374023
 311 1.055982 1301.359985
 312 1.042671 1301.359985
 313 1.072289 1301.307983
 314 1.069653 1301.307983
 315 1.070982 1301.307983
 316 1.055434 1301.307983
 317 1.007926 1301.237061
 318 0.981998 1301.237061
 319 1.010056 1301.237061
 320 1.012355 1301.192993
 321 1.031341 1301.192993
 322 0.967842 1301.167969
 323 1.040772 1286.339966
 324 1.000394 1286.339966
 325 1.017249 1286.339966
 326 1.009887 1286.307007
 327 1.002250 1286.307007
 328 1.020519 1286.307007
 329 1.003939 1286.307007
 330 1.009676 1286.238037
 331 1.012060 1286.238037
 332 1.013156 1286.238037
 333 1.006681 1286.238037
 334 1.026637 1286.213989
 335 1.008052 1286.213989
 336 1.024465 1286.213989
 337 1.015331 1286.213989
 338 1.020731 1286.191040
 339 1.013347 1283.056030
 340 1.037123 1283.056030
 341 1.109165 1218.910034
 342 1.084546 1218.910034
 343 1.081318 1200.817993
 344 1.119121 1200.792969
 345 1.109079 1200.792969
 346 1.094460 1200.691040
 347 1.119628 1200.691040
 348 1.108869 1200.691040
 349 1.072436 1200.644043
 350 1.110810 1200.644043
 351 1.108068 1200.644043
 352 1.097119 1200.644043
 353 1.110831 1200.562012
 354 1.103637 1200.558960
 355 1.112223 1200.558960
 356 1.136589 1200.390991
 357 1.083279 1200.390991
 358 1.088955 1200.369019
 359 1.117265 1200.369019
 360 1.122835 1200.324951
 361 1.120241 1200.286987
 362 1.132877 1200.286987
 363 1.109165 1200.286987
 364 1.095368 1200.243042
 365 1.109017 1200.243042
 366 1.069652 1200.243042
 367 1.119818 1200.093994
 368 1.075516 1200.050049
 369 1.118467 1199.970947
 370 1.102076 1199.970947
 371 1.124691 1199.864014
 372 1.165807 1174.718018
 373 1.140112 1174.718018
 374 1.128046 1174.645996
 375 1.155491 1174.645996
 376 1.133636 1174.645996
 377 1.116063 1174.645996
 378 1.148107 1174.609985
 379 1.133003 1174.609985
 380 1.146124 1174.584961
 381 1.147474 1174.584961
 382 1.173507 1174.561035
 383 1.140555 1174.561035
 384 1.151061 1174.538940
 385 1.145703 1174.538940
 386 1.151927 1174.510986
 387 1.157517 1174.510986
 388 1.157137 1174.463989
 389 1.154078 1174.463989
 390 1.126147 1174.433960
 391 1.152812 1174.433960
 392 1.130640 1174.433960
 393 1.162558 1174.401001
 394 1.151103 1174.381958
 395 1.180975 1174.381958
 396 1.188443 1143.047974
 397 1.182831 1143.046021
 398 1.193127 1143.042969
 399 1.218041 1143.042969
 400 1.202768 1143.012939
 401 1.207239 1143.012939
 402 1.185848 1143.012939
 403 1.185089 1143.012939
 404 1.178401 1143.012939
 405 1.187768 1143.012939
 406 1.192261 1143.001953
 407 1.209265 1142.990967
 408 1.215615 1142.932983
 409 1.220742 1142.866943
 410 1.213548 1142.797974
 411 1.211270 1142.797974
 412 1.232809 1091.687012
 413 1.275570 1041.301025
 414 1.256435 1041.244019
 415 1.264705 1041.232056
 416 1.248841 1041.110962
 417 1.232069 1041.105957
 418 1.071825 1008.223999
 419 0.923604 987.942993
 420 0.938814 987.942993
 421 0.955100 987.942993
 422 0.966429 987.802979
 423 0.950607 987.802979
 424 0.957696 987.791992
 425 0.947021 987.624023
 426 0.945017 987.624023
 427 0.943435 987.560974
 428 0.944658 987.533020
 429 0.964868 987.497009
 430 0.950206 987.497009
 431 0.948350 987.497009
 432 0.950924 987.494995
 433 0.945165 987.434021
 434 0.963265 987.434021
 435 0.959173 987.434021
 436 1.034675 923.633972
 437 1.100579 874.236023
 438 1.203210 790.708008
 439 1.260317 756.000000
 440 1.232196 756.000000
 441 1.249199 756.000000
 442 1.249473 756.000000
 443 1.252996 755.958008
 444 1.242913 755.958008
 445 1.247301 755.958008
 446 1.239052 755.883972
 447 1.248103 755.883972
 448 1.240994 755.883972
 449 1.238862 755.575989
 450 1.264009 755.575989
 451 1.266793 755.567993
 452 1.263987 755.554016
 453 1.248271 755.419006
 454 1.293479 755.419006
 455 1.265654 755.419006
 456 1.274156 755.419006
 457 1.270781 755.351013
 458 1.274578 755.351013
 459 1.285633 755.351013
 460 1.270591 755.241028
 461 1.250487 755.174988
 462 1.261541 755.174988
 463 1.251498 754.929993
 464 1.239390 754.853027
 465 1.248904 754.853027
 466 1.202535 754.674011
 467 1.158950 735.143982
 468 1.178928 735.140991
 469 1.186502 735.072021
 470 1.180806 735.064026
 471 1.197641 735.064026
 472 1.188759 734.973022
 473 1.175068 734.973022
 474 1.183802 734.969971
 475 1.192746 734.969971
 476 1.198885 734.888000
 477 1.186038 734.888000
 478 1.178485 734.830017
 479 1.195552 734.770020
 480 1.183654 734.770020
 481 1.174626 734.770020
 482 1.188169 734.770020
 483 1.195025 734.758972
 484 1.179034 734.758972
 485 1.174329 734.758972
 486 1.176608 734.651001
 487 1.185299 734.651001
 488 1.170194 734.606995
 489 1.173633 734.585999
 490 1.172958 734.585999
 491 1.204538 702.713013
 492 1.233545 702.713013
 493 1.213694 702.625000
 494 1.245507 702.625000
 495 1.254684 702.625000
 496 1.251603 702.562012
 497 1.245465 702.562012
 498 1.238883 702.562012
 499 1.209327 702.484985
 500 1.244895 702.448975
 501 1.219474 702.421021
 502 1.243608 702.421021
 503 1.234621 702.143982
 504 1.246604 702.143982
 505 1.240465 702.143982
 506 1.243503 702.132996
 507 1.257257 702.132996
 508 1.236773 702.044983
 509 1.208462 702.044983
 510 1.267826 701.969971
 511 1.237954 701.177979
 512 1.117580 701.125977
 513 1.104944 701.070984
 514 1.101210 701.070984
 515 1.100303 673.581970
 516 1.104691 673.541016
 517 1.086928 673.541016
 518 1.122095 673.541016
 519 1.073322 673.486023
 520 1.120999 673.486023
 521 1.106105 673.486023
 522 1.104607 673.422974
 523 1.119564 673.422974
 524 1.123108 673.411987
 525 1.129268 673.359009
 526 1.132706 673.335022
 527 1.109923 673.335022
 528 1.131167 673.331970
 529 1.155048 673.331970
 530 1.144458 673.273987
 531 1.140196 673.273987
 532 1.116125 673.273987
 533 1.156756 673.226990
 534 1.124100 673.226990
 535 1.169688 633.080017
 536 1.161376 632.965027
 537 1.170173 632.965027
 538 1.153212 632.965027
 539 1.246372 596.117004
 540 1.233482 596.117004
 541 1.237153 596.098022
 542 1.238503 596.002014
 543 1.240782 596.002014
 544 1.232807 595.987976
 545 1.240824 595.919006
 546 1.238355 595.919006
 547 1.265231 595.903015
 548 1.230613 595.903015
 549 1.249198 595.817993
 550 1.236056 595.817993
 551 1.249558 595.817993
 552 1.239537 595.817993
 553 1.233630 595.702026
 554 1.256161 595.702026
 555 1.264452 595.702026
 556 1.245486 595.702026
 557 1.212556 595.685974
 558 1.224516 595.685974
 559 1.229031 595.685974
 560 1.207682 595.625000
 561 1.216457 595.471008
 562 1.212407 595.471008
 563 1.157579 595.289978
 564 1.229895 557.307007
 565 1.220677 557.307007
 566 1.241456 557.307007
 567 1.239073 557.177002
 568 1.254684 557.177002
 569 1.221331 557.177002
 570 1.247743 557.177002
 571 1.241984 557.177002
 572 1.258038 557.164001
 573 1.240654 557.164001
 574 1.242490 557.164001
 575 1.252489 557.164001
 576 1.247553 557.164001
 577 1.125387 557.130981
 578 1.031806 453.194000
 579 1.131167 364.481995
 580 1.186143 288.059998
 581 1.185616 193.328003
 582 1.185236 152.375000
 583 1.189096 152.313995
 584 1.219158 135.951996
 585 1.225824 122.792999
 586 1.247638 122.792999
 587 1.236920 122.767998
 588 1.246034 122.709999
 589 1.244790 122.709999
 590 1.249916 122.709999
 591 1.249093 122.691002
 592 1.231204 122.691002
 593 1.253270 122.691002
 594 1.245612 122.691002
 595 1.245528 122.633003
 596 1.252321 122.633003
 597 1.236562 122.611000
 598 1.280463 122.489998
 599 1.239262 122.482002
 600 1.254494 122.482002
 601 1.265020 122.314003
 602 1.277784 122.262001
 603 1.260190 122.193001
 604 1.266160 122.181999
 605 1.257195 122.163002
 606 1.235254 122.163002
 607 1.259346 122.163002
 608 1.253291 122.163002
 609 1.267573 121.542000
 610 1.235211 121.542000
 611 1.251245 121.498001
 612 1.234663 121.498001
 613 1.240845 121.498001
 614 1.235908 121.498001
 615 1.245359 121.289001
 616 1.237406 121.289001
 617 1.251076 121.289001
 618 1.254156 121.203003
 619 1.255274 121.203003
 620 1.259240 121.203003
 621 1.252025 121.151001
 622 1.233356 121.137001
 623 1.233313 121.087997
 624 1.241752 121.087997
 625 1.262637 120.945000
 626 1.256224 120.928001
 627 1.258693 120.834999
 628 1.244326 120.772003
 629 1.285822 120.772003
 630 1.272130 120.772003
 631 1.265253 120.772003
 632 1.259156 120.727997
 633 1.254388 120.727997
 634 1.269619 120.727997
 635 1.259367 81.473999
 636 1.240887 81.473999
 637 1.129880 81.473999
 638 1.115703 81.389000
 639 1.116126 81.389000
 640 1.120028 81.389000
 641 1.127496 81.389000
 642 1.128910 81.281998
 643 1.127770 81.281998
 644 1.116759 81.281998
 645 1.114796 81.239998
 646 1.124311 81.166000
 647 1.141124 81.152000
 648 1.140512 81.152000
 649 1.156060 81.122002
 650 1.248419 17.391001
 651 1.264262 17.327999
 652 1.257448 17.292000
 653 1.240065 17.285999
 654 1.237090 17.264000
 655 1.264472 17.190001
 656 1.241604 17.190001
 657 1.228756 17.094000
 658 1.228081 17.094000
 659 1.263333 0.118000
 660 1.251793 0.003000
 661 1.265632 0.003000
 662 1.245338 0.003000
 663 1.271244 0.003000
 664 1.289175 0.003000
 665 1.266160 0.003000
 666 1.223545 2200.558105
 667 1.237195 2200.558105
 668 1.175995 2200.535889
 669 1.238482 2200.382080
 670 1.253165 2200.334961
 671 1.254789 2196.146973
 672 1.225677 2196.138916
 673 1.227955 2196.075928
 674 1.234178 2196.075928
 675 1.235233 2196.075928
 676 1.211141 2196.053955
 677 1.233376 2196.053955
 678 1.215065 2196.000977
 679 1.218482 2195.483887
 680 1.223461 2180.471924
 681 1.259788 2180.468994
 682 1.264725 2180.441895
 683 1.225845 2180.441895
 684 1.278416 2180.441895
 685 1.257131 2180.415039
 686 1.243734 2180.415039
 687 1.277403 2180.415039
 688 1.253080 2180.415039
 689 1.231372 2180.378906
 690 1.247004 2180.288086
 691 1.252996 2180.288086
 692 1.222681 2180.288086
 693 1.252890 2180.262939
 694 1.247933 2180.262939
 695 1.258882 2180.262939
 696 1.277552 2180.232910
 697 1.231056 2180.232910
 698 1.227512 2180.177979
 699 1.232891 2180.177979
 700 1.162431 2180.177979
 701 1.090219 2180.177979
 702 1.113994 2180.051025
 703 1.126420 2180.031982
 704 1.132263 2160.235107
 705 1.121673 2156.989990
 706 1.159372 2156.989990
 707 1.127179 2156.989990
 708 1.133572 2156.928955
 709 1.143782 2156.928955
 710 1.126483 2156.928955
 711 1.151777 2156.891113
 712 1.160975 2156.891113
 713 1.135090 2156.891113
 714 1.118192 2156.835938
 715 1.135069 2156.835938
 716 1.157030 2156.730957
 717 1.128235 2156.730957
 718 1.171439 2156.730957
 719 1.140006 2156.730957
 720 1.148191 2156.376953
 721 1.147706 2156.376953
 722 1.109375 2156.376953
 723 1.203505 2130.131104
 724 1.173084 2130.131104
 725 1.182282 2130.042969
 726 1.175953 2130.042969
 727 1.184856 2129.992920
 728 1.195889 2125.728027
 729 1.186944 2087.943115
 730 0.996215 2087.939941
 731 0.999739 2087.939941
 732 1.004443 2087.876953
 733 0.961913 2087.876953
 734 0.997229 2087.876953
 735 1.010729 2087.876953
 736 1.008852 2087.874023
 737 0.992565 2087.871094
 738 1.019463 2087.676025
 739 0.991553 2087.613037
 740 0.989275 2087.428955
 741 1.031383 2087.419922
 742 1.003325 2087.375977
 743 1.078300 2019.182007
 744 1.151229 1961.281006
 745 1.241372 1888.411011
 746 1.235718 1818.131958
 747 1.202196 1723.389038
 748 1.220528 1620.744995
 749 1.206668 1534.145020
 750 1.219980 1465.152954
 751 1.205909 1381.784058
 752 1.215381 1381.784058
 753 1.215507 1381.767944
 754 1.208715 1381.767944
 755 1.217870 1381.649048
 756 1.226984 1381.649048
 757 1.229093 1381.649048
 758 1.221541 1381.597046
 759 1.236603 1381.597046
 760 1.232300 1381.597046
 761 1.226540 1381.572998
 762 1.228756 1381.550049
 763 1.234810 1381.550049
 764 1.243481 1381.453979
 765 1.247109 1381.453979
 766 1.242321 1380.444946
 767 1.236646 1380.444946
 768 1.241540 1380.444946
 769 1.249325 1380.444946
 770 1.222237 1380.444946
 771 1.224684 1380.444946
 772 1.236835 1380.444946
 773 1.212111 1380.416992
 774 1.205044 1380.327026
 775 1.169328 1380.323975
 776 1.163737 1380.089966
 777 1.255083 1341.251953
 778 1.237088 1341.251953
 779 1.227806 1341.251953
 780 1.258585 1341.020996
 781 1.255168 1341.020996
 782 1.228017 1341.020996
 783 1.252994 1340.930054
 784 1.230844 1340.930054
 785 1.236750 1340.930054
 786 1.223481 1340.916016
 787 1.240294 1340.896973
 788 1.245864 1340.896973
 789 1.240253 1340.896973
 790 1.220570 1340.826050
 791 1.255358 1340.826050
 792 1.249430 1340.826050
 793 1.213714 1340.826050
 794 1.202681 1340.779053
 795 1.114606 1340.779053
 796 1.126103 1340.779053
 797 1.107285 1340.056030
 798 1.109838 1340.056030
 799 1.124626 1340.056030
 800 1.172872 1284.712036
 801 1.161734 1284.712036
 802 1.170067 1284.712036
 803 1.165890 1284.683960
 804 1.161396 1284.683960
 805 1.178442 1284.683960
 806 1.149266 1284.683960
 807 1.170025 1284.530029
 808 1.172788 1284.530029
 809 1.178315 1284.530029
 810 1.209052 1284.473022
 811 1.158633 1284.422974
 812 1.129500 1284.343994
 813 1.173021 1284.276978
 814 1.194054 1284.276978
 815 1.172494 1284.276978
 816 1.175320 1284.276978
 817 1.207703 1284.213989
 818 1.153338 1284.213989
 819 1.172050 1284.213989
 820 1.183758 1284.104004
 821 1.215550 1284.104004
 822 1.138064 1283.994019
 823 1.193652 1283.967041
 824 1.227976 1245.496948
 825 1.240380 1245.490967
 826 1.232343 1245.490967
 827 1.250253 1245.442017
 828 1.242996 1245.442017
 829 1.231014 1245.442017
 830 1.229242 1245.323975
 831 1.248924 1245.323975
 832 1.245465 1245.323975
 833 1.222217 1245.292969
 834 1.221352 1245.156006
 835 1.247322 1245.156006
 836 1.263355 1245.156006
 837 1.216690 1245.156006
 838 1.306454 1245.094971
 839 1.262258 1245.082031
 840 1.251436 1245.082031
 841 1.259178 1245.082031
 842 1.249600 1244.828979
 843 1.196312 1244.828979
 844 1.122223 1177.843994
 845 0.895715 1177.712036
 846 0.760448 1177.712036
 847 0.710999 1177.662964
 848 0.687371 1177.662964
 849 0.671423 1177.642944
 850 0.674461 1177.642944
 851 0.707814 1177.588989
 852 0.673849 1177.588989
 853 0.676550 1177.588989
 854 0.665073 1177.358032
 855 0.687245 1177.358032
 856 0.706927 1177.333008
 857 0.683638 1177.333008
 858 0.678364 1177.189941
 859 0.688426 1177.189941
 860 0.720978 1177.183960
 861 0.663787 1177.170044
 862 0.688068 1177.140015
 863 0.695536 1177.131958
 864 0.699967 1177.131958
 865 0.699292 1177.062988
 866 0.689292 1177.062988
 867 0.694840 1177.057983
 868 0.710451 1177.057983
 869 0.687160 1177.010986
 870 0.703679 1176.901001
 871 0.672393 1176.901001
 872 0.675747 1164.803955
 873 0.671465 1157.384033
 874 0.694734 1157.384033
 875 0.666191 1157.384033
 876 0.685789 1157.310059
 877 0.651234 1157.192017
 878 0.694565 1157.192017
 879 0.680515 1157.116943
 880 0.692856 1157.116943
 881 0.678300 1157.100952
 882 0.696147 1157.024048
 883 0.693616 1157.024048
 884 0.710303 1157.024048
 885 0.673111 1156.859009
 886 0.698616 1156.859009
 887 0.619020 1156.790039
 888 0.669714 1156.790039
 889 0.643618 1156.790039
 890 0.620054 1156.745972
 891 0.605751 1156.708008
 892 0.658912 1137.704956
 893 0.675621 1137.702026
 894 0.617164 1137.583984
 895 0.638914 1137.583984
 896 0.666170 1137.583984
 897 0.659967 1137.583984
 898 0.669397 1137.583984
 899 0.660790 1137.583984
 900 0.672055 1137.583984
 901 0.687350 1137.583984
 902 0.662246 1137.504028
 903 0.665621 1137.504028
 904 0.633007 1137.504028
 905 0.644821 1137.468994
 906 0.649821 1137.421997
 907 0.680537 1137.421997
 908 0.647922 1137.421997
 909 0.673322 1137.326050
 910 0.677773 1085.729980
 911 0.682329 1085.729980
 912 0.715893 1085.488037
 913 0.700873 1085.472046
 914 0.697813 1085.425049
 915 0.706737 1066.805054
 916 0.748443 1053.386963
 917 0.731440 1053.386963
 918 0.728171 1053.332031
 919 0.712475 1053.332031
 920 0.728993 1053.332031
 921 0.749246 1053.275024
 922 0.768654 1053.260986
 923 0.749267 1053.260986
 924 0.737854 1053.255005
 925 0.744963 1053.246948
 926 0.778063 1053.246948
 927 0.735153 1053.176025
 928 0.810488 995.422974
 929 0.899618 896.606995
 930 0.956071 805.973022
 931 1.073238 682.789001
 932 1.214264 565.161011
 933 1.212977 565.052979
 934 1.199560 565.033997
 935 1.236920 564.992981
 936 1.218799 563.562988
 937 1.207765 563.562988
 938 1.175974 563.557007
 939 1.178189 563.447021
 940 1.160489 563.447021
 941 1.177915 563.351013
 942 1.185489 563.351013
 943 1.183611 563.351013
 944 1.190552 563.335022
 945 1.181311 563.335022
 946 1.175194 563.335022
 947 1.176902 563.263000
 948 1.157853 563.263000
 949 1.170447 563.210999
 950 1.179539 563.208008
 951 1.180911 563.104004
 952 1.142369 563.104004
 953 1.177050 563.104004
 954 1.172473 563.072998
 955 1.182768 563.070984
 956 1.187809 563.070984
 957 1.191522 563.070984
 958 1.179877 563.070984
 959 1.206521 562.947021
 960 1.194011 562.947021
 961 1.190214 562.911011
 962 1.199306 562.908020
 963 1.187134 562.908020
 964 1.230677 534.413025
 965 1.229642 534.413025
 966 1.209476 534.413025
 967 1.210045 534.398987
 968 1.243629 534.374023
 969 1.240444 534.354980
 970 1.236035 534.354980
 971 1.248038 534.299988
 972 1.218377 534.184998
 973 1.234347 534.184998
 974 1.240444 534.153992
 975 1.217090 534.124023
 976 1.278923 533.926025
 977 1.240275 533.926025
 978 1.254115 533.926025
 979 1.222829 533.752991
 980 1.256203 533.752991
 981 1.241562 533.752991
 982 1.246203 533.713989
 983 1.251667 533.711975
 984 1.210804 533.711975
 985 1.222596 533.486023
 986 1.196480 533.431030
 987 1.233440 533.208008
 988 1.239959 517.250000
 989 1.233524 508.923004
 990 1.203843 508.808014
 991 1.211205 508.808014
 992 1.187726 508.808014
 993 1.199286 508.752991
 994 1.213188 508.730988
 995 1.211648 508.730988
 996 1.199750 508.727997
 997 1.214222 508.601990
 998 1.187240 508.601990
 999 1.210256 508.225006
 1000 1.223125 508.225006
 1001 1.201733 508.225006
 1002 1.202388 508.213989
 1003 1.209560 508.213989
 1004 1.207831 508.213989
 1005 1.187579 508.213989
 1006 1.153782 507.891998
 1007 1.064863 507.891998
 1008 1.072563 507.891998
 1009 1.073933 507.808990
 1010 1.086949 507.631012
 1011 1.068111 507.631012
 1012 1.016236 507.578003
 1013 1.101843 486.270996
 1014 1.099566 486.252014
 1015 1.085157 486.174988
 1016 1.104101 486.174988
 1017 1.089482 486.084015
 1018 1.092456 485.906006
 1019 1.085536 485.906006
 1020 1.116568 485.903015
 1021 1.099017 485.845001
 1022 1.120218 485.845001
 1023 1.079566 485.845001
 1024 1.104902 485.807007
 1025 1.109185 485.807007
 1026 1.091423 485.807007
 1027 1.101907 485.807007
 1028 1.098448 485.803986
 1029 1.080580 485.803986
 1030 1.096992 481.084991
 1031 1.106906 481.084991
 1032 1.095536 480.958008
 1033 1.090810 480.936005
 1034 1.109416 480.936005
 1035 1.104712 480.790985
 1036 1.134900 459.657013
 1037 1.106168 459.657013
 1038 1.175362 409.027008
 1039 1.202176 409.027008
 1040 1.166756 409.027008
 1041 1.193906 409.027008
 1042 1.178317 409.027008
 1043 1.187071 408.990997
 1044 1.196100 408.990997
 1045 1.183568 408.966003
 1046 1.193062 408.785004
 1047 1.182092 408.785004
 1048 1.196606 408.785004
 1049 1.179118 408.785004
 1050 1.188379 408.760010
 1051 1.195911 408.694000
 1052 1.158908 408.694000
 1053 1.188463 408.528992
 1054 1.188400 408.528992
 1055 1.181480 408.489990
 1056 1.184476 408.489990
 1057 1.173632 408.421997
 1058 1.197491 408.421997
 1059 1.184792 408.342010
 1060 1.206120 408.328003
 1061 1.230359 380.028015
 1062 1.232512 380.028015
 1063 1.254578 380.014008
 1064 1.245380 380.006012
 1065 1.237469 380.002991
 1066 1.279894 379.976013
 1067 1.247300 379.976013
 1068 1.236140 379.976013
 1069 1.243987 379.976013
 1070 1.233545 379.881989
 1071 1.226668 379.881989
 1072 1.249705 379.878998
 1073 1.242975 379.789001
 1074 1.260232 379.789001
 1075 1.242047 379.789001
 1076 1.247216 379.789001
 1077 1.253692 379.789001
 1078 1.219453 379.786011
 1079 1.154119 379.786011
 1080 1.162535 379.739014
 1081 1.167535 379.683990
 1082 1.158759 379.681000
 1083 1.156291 379.606995
 1084 1.149351 379.604004
 1085 1.147684 379.604004
 1086 1.147410 379.532990
 1087 1.140322 379.510986
 1088 1.128466 379.510986
 1089 1.138972 379.507996
 1090 1.167874 379.505005
 1091 1.158781 379.505005
 1092 1.152536 379.505005
 1093 1.124774 379.489014
 1094 1.158844 379.437012
 1095 1.141925 379.390015
 1096 1.147537 379.273987
 1097 1.177093 379.269012
 1098 1.170954 379.265991
 1099 1.149752 379.071014
 1100 1.161566 378.740997
 1101 1.181586 378.740997
 1102 1.197619 378.740997
 1103 1.263944 329.743988
 1104 1.274492 329.743988
 1105 1.238903 329.730011
 1106 1.235569 329.574005
 1107 1.251117 329.574005
 1108 1.252510 329.466003
 1109 1.249514 329.466003
 1110 1.243671 329.466003
 1111 1.244030 329.444000
 1112 1.233524 329.332001
 1113 1.247046 329.315002
 1114 1.258037 329.315002
 1115 1.247004 329.315002
 1116 1.244261 329.208008
 1117 1.269049 329.208008
 1118 1.266307 329.208008
 1119 1.255147 329.183014
 1120 1.233334 260.169006
 1121 1.237194 260.169006
 1122 1.219832 260.119995
 1123 1.228630 260.097992
 1124 1.188188 260.097992
 1125 1.159287 260.075989
 1126 1.155468 260.050995
 1127 1.155785 260.050995
 1128 1.146461 259.855988
 1129 1.187239 259.852997
 1130 1.171227 259.852997
 1131 1.157241 259.822998
 1132 1.161882 259.822998
 1133 1.148675 259.806000
 1134 1.183927 259.781006
 1135 1.180087 259.662994
 1136 1.183842 259.662994
 1137 1.173337 259.575012
 1138 1.168970 259.575012
 1139 1.175320 259.571991
 1140 1.213757 259.519989
 1141 1.232828 219.813004
 1142 1.211331 219.813004
 1143 1.213926 219.647995
 1144 1.210276 219.647995
 1145 1.192893 219.647995
 1146 1.186711 219.557007
 1147 1.177598 219.524002
 1148 1.191648 218.682999
 1149 1.257067 187.011002
 1150 1.253058 186.953003
 1151 1.238123 186.953003
 1152 1.245211 186.860001
 1153 1.229431 186.798996
 1154 1.226330 186.738998
 1155 1.219347 186.738998
 1156 1.254641 186.565002
 1157 1.241160 186.565002
 1158 1.219896 186.565002
 1159 1.258902 186.535004
 1160 1.236182 186.498993
 1161 1.266328 186.389008
 1162 1.260211 186.285004
 1163 1.226521 186.285004
 1164 1.262489 186.285004
 1165 1.226415 186.285004
 1166 1.222449 185.981995
 1167 1.254853 185.809006
 1168 1.218525 185.682999
 1169 1.193632 185.682999
 1170 1.142115 185.658005
 1171 1.164181 185.658005
 1172 1.214031 130.072006
 1173 1.222470 130.072006
 1174 1.245950 129.869003
 1175 1.221521 129.869003
 1176 1.232111 129.860001
 1177 1.231774 129.604996
 1178 1.237955 129.604996
 1179 1.237659 129.576996
 1180 1.243356 129.576996
 1181 1.239664 129.576996
 1182 1.238799 129.550003
 1183 1.205804 129.546997
 1184 1.242427 129.533005
 1185 1.239938 129.177994
 1186 1.236647 129.134003
 1187 1.240529 129.121002
 1188 1.215003 129.117996
 1189 1.228927 129.110001
 1190 1.241627 129.048996
 1191 1.206143 129.048996
 1192 1.243376 128.949997
 1193 1.244115 128.947006
 1194 1.196797 128.878998
 1195 1.241140 128.798996
 1196 1.242469 128.781998
 1197 1.225571 128.684006
 1198 1.224517 128.684006
 1199 1.201395 128.684006
 1200 1.186080 128.529007
 1201 1.189666 128.529007
 1202 1.205678 128.490997
 1203 1.178506 128.490997
 1204 1.186818 128.444000
 1205 1.206564 128.417007
 1206 1.203062 128.417007
 1207 1.223441 128.362000
 1208 1.187683 128.264999
 1209 1.139142 128.264999
 1210 1.116210 128.264999
 1211 1.140872 128.201996
 1212 1.116675 128.201996
 1213 1.122645 128.128006
 1214 1.230614 61.886002
 1215 1.224496 61.849998
 1216 1.245909 61.487000
 1217 1.201797 61.473000
 1218 1.217767 61.361000
 1219 1.217176 61.226002
 1220 1.209560 61.226002
 1221 1.217028 60.474998
 1222 1.230930 0.531000
 1223 1.204012 0.467000
 1224 1.217724 0.467000
 1225 1.221838 0.467000
 1226 1.246373 0.429000
 1227 1.233293 0.429000
 1228 1.229179 0.429000
 1229 1.221163 0.228000
 1230 1.225424 0.226000
 1231 1.221585 0.173000
 1232 1.229095 0.173000
 1233 1.236352 0.005000
 1234 1.225846 0.003000
 1235 1.233188 0.003000
 1236 1.213569 0.000000
 1237 1.234876 0.000000
 1238 1.196861 52.299000
 1239 1.239728 0.600000
 1240 1.234454 0.600000
 1241 1.250338 0.583000
 1242 1.237027 0.410000
 1243 1.244895 0.333000
 1244 1.246541 0.333000
 1245 1.202682 0.333000
 1246 1.184118 0.066000
 1247 1.197724 0.066000
 1248 1.187620 0.066000
 1249 1.221226 0.066000
 1250 1.203168 0.066000
 1251 1.200615 0.066000
 1252 1.225909 0.066000
 1253 1.190995 0.033000
 1254 1.239980 0.033000
 1255 1.172472 0.033000
 1256 1.217070 0.033000
 1257 1.241035 0.000000
 1258 1.234436 552.846008
 1259 1.222517 552.843018
 1260 1.230259 552.843018
 1261 1.245532 552.843018
 1262 1.238380 552.692017
 1263 1.229183 552.692017
 1264 1.202918 552.687012
 1265 1.199943 552.601990
 1266 1.237684 552.601990
 1267 1.208233 552.515991
 1268 1.207537 552.439026
 1269 1.262071 508.483002
 1270 1.231439 508.332001
 1271 1.212495 508.230011
 1272 1.227853 508.230011
 1273 1.220406 508.053986
 1274 1.213655 508.053986
 1275 1.235806 508.042999
 1276 1.242093 508.042999
 1277 1.226503 508.040009
 1278 1.253759 507.976990
 1279 1.226503 507.800995
 1280 1.232811 507.800995
 1281 1.248232 507.790009
 1282 1.207159 507.723999
 1283 1.234584 507.723999
 1284 1.228149 507.545013
 1285 1.216441 506.888000
 1286 1.234415 506.264008
 1287 1.270257 506.209015
 1288 1.187455 506.209015
 1289 1.155114 478.393005
 1290 1.187306 478.240997
 1291 1.170430 478.240997
 1292 1.170450 478.196991
 1293 1.150367 478.196991
 1294 1.229013 446.256012
 1295 1.220132 446.214996
 1296 1.213001 446.214996
 1297 1.216630 446.091003
 1298 1.209331 446.091003
 1299 1.193087 446.091003
 1300 1.235532 446.028015
 1301 1.213191 446.024994
 1302 1.221735 446.024994
 1303 1.188488 446.009003
 1304 1.229520 445.890015
 1305 1.185302 445.890015
 1306 1.227093 445.863007
 1307 1.209605 445.863007
 1308 1.240195 445.863007
 1309 1.208678 445.824005
 1310 1.214056 445.819000
 1311 1.225533 445.819000
 1312 1.216545 445.739014
 1313 1.204415 445.739014
 1314 1.214625 445.687012
 1315 1.187917 441.696991
 1316 1.223717 441.686005
 1317 1.224519 405.803986
 1318 1.230047 405.800995
 1319 1.248505 405.770996
 1320 1.207115 405.770996
 1321 1.213317 405.760010
 1322 1.222136 405.743011
 1323 1.223085 405.743011
 1324 1.228823 405.743011
 1325 1.221819 405.713013
 1326 1.235722 405.713013
 1327 1.224013 405.701996
 1328 1.234308 405.649994
 1329 1.224077 405.649994
 1330 1.225026 405.618988
 1331 1.275066 405.588989
 1332 1.228508 405.588989
 1333 1.244034 405.566986
 1334 1.238085 405.566986
 1335 1.192349 405.484985
 1336 1.202960 405.484985
 1337 1.207263 405.484985
 1338 1.178657 405.427002
 1339 1.137329 405.377991
 1340 1.123955 405.338989
 1341 1.191103 371.910004
 1342 1.140220 371.895996
 1343 1.190513 371.722992
 1344 1.168278 371.722992
 1345 1.176083 371.692993
 1346 1.202875 371.692993
 1347 1.194458 371.692993
 1348 1.148764 371.574005
 1349 1.210786 371.574005
 1350 1.196926 371.447998
 1351 1.179353 371.447998
 1352 1.188298 371.390015
 1353 1.194015 371.334991
 1354 1.192897 371.312988
 1355 1.178700 371.312988
 1356 1.212770 371.197998
 1357 1.192413 371.197998
 1358 1.220323 371.197998
 1359 1.203719 371.197998
 1360 1.182265 369.723999
 1361 1.185197 369.723999
 1362 1.192644 369.684998
 1363 1.190071 369.684998
 1364 1.207664 369.412994
 1365 1.236482 333.492004
 1366 1.242704 333.432007
 1367 1.244477 333.432007
 1368 1.243338 333.432007
 1369 1.259963 333.365997
 1370 1.252958 333.365997
 1371 1.226778 333.214996
 1372 1.214753 333.079987
 1373 1.250659 333.079987
 1374 1.232052 333.079987
 1375 1.269097 333.000000
 1376 1.229689 332.967010
 1377 1.259878 332.888000
 1378 1.211484 332.868011
 1379 1.258486 332.816010
 1380 1.266882 332.816010
 1381 1.236061 332.816010
 1382 1.225829 332.612000
 1383 1.203868 332.612000
 1384 1.208319 255.710999
 1385 1.192181 255.673004
 1386 1.171421 255.585007
 1387 0.996515 255.339996
 1388 1.015417 255.339996
 1389 1.026450 255.207993
 1390 1.041682 255.207993
 1391 1.008856 255.207993
 1392 0.986600 255.160995
 1393 0.999638 255.160995
 1394 1.009974 255.160995
 1395 1.023455 255.104004
 1396 1.027653 255.104004
 1397 0.999511 255.104004
 1398 0.998646 255.104004
 1399 1.018307 255.104004
 1400 1.013962 255.104004
 1401 1.009004 255.104004
 1402 0.998478 254.927994
 1403 1.020840 254.875000
 1404 1.016726 254.033997
 1405 1.029046 253.326996
 1406 1.023033 253.087997
 1407 1.011599 252.970001
 1408 0.994975 252.878998
 1409 1.030606 251.479004
 1410 1.005881 251.479004
 1411 1.039086 251.371994
 1412 1.025268 251.371994
 1413 1.021682 251.352997
 1414 1.029066 234.278000
 1415 1.098978 143.992996
 1416 1.133112 143.992996
 1417 1.095223 143.992996
 1418 1.202279 0.707000
 1419 1.223396 0.707000
 1420 1.226791 0.000000
 1421 1.058995 0.014000
 1422 1.143947 0.000000
 1423 0.000000 0.000000
 